Frame 1
00000000
00000000
00000000
00001000
00001000
00001000
00000000
00000000

Frame 2
00000000
00000000
00000000
00000000
00111000
00000000
00000000
00000000

Frame 3
00000000
00000000
00000000
00100000
00100000
00100000
00000000
00000000

Frame 4
00000000
00000000
00000000
00000000
11100000
00000000
00000000
00000000

Frame 5
00000000
00000000
00000000
10000000
10000000
10000000
00000000
00000000

Frame 6
00000000
00000000
00000000
00000000
10000010
00000001
00000000
00000000

Frame 7
00000000
00000000
00000000
00000000
00000010
00000010
00000000
00000000

Frame 8
00000000
00000000
00000000
00000000
00000000
00000000
00000000
00000000

Frame 9
00000000
00000000
00000000
00000000
00000000
00000000
00000000
00000000

Frame 10
00000000
00000000
00000000
00000000
00000000
00000000
00000000
00000000

Frame 11
00000000
00000000
00000000
00000000
00000000
00000000
00000000
00000000

Frame 12
00000000
00000000
00000000
00000000
00000000
00000000
00000000
00000000

Frame 13
00000000
00000000
00000000
00000000
00000000
00000000
00000000
00000000

Frame 14
00000000
00000000
00000000
00000000
00000000
00000000
00000000
00000000

Frame 15
00000000
00000000
00000000
00000000
00000000
00000000
00000000
00000000

Frame 16
00000000
00000000
00000000
00000000
00000000
00000000
00000000
00000000

Frame 17
00000000
00000000
00000000
00000000
00000000
00000000
00000000
00000000

Frame 18
00000000
00000000
00000000
00000000
00000000
00000000
00000000
00000000

Frame 19
00000000
00000000
00000000
00000000
00000000
00000000
00000000
00000000

Frame 20
00000000
00000000
00000000
00000000
00000000
00000000
00000000
00000000

